28419
28520
29011
29109
29458
29508
29785
29823
30054
30074
30150
30239
30338
30522
30915
31121
31490
31520
28427
28515
28585
29004
29129
29989
30829
30892
30916
31255
31295
28423
28419
28520
29011
29109
29458
29508
29785
29823
30054
30074
30150
30239
30338
30522
30915
31121
31490
31520
28427
28515
28585
29004
29129
29989
30829
30892
30916
31255
31295
28423
28461
28465
28478
28522
28535
28537
28538
28545
28546
28550
28557
28578
28634
28641
28662
28665
31446
6754
8372
30305
8302
14908
30609
31434
